Part 1: f(x,y)
Tmax = 10
Tmin = 1e-10
tau = 1e4
Seed = 665600
(x,y) = (8.78246692618e-05,1.01227978347) with f(x,y) = -0.999848590197


Part 2: g(x,y)
Tmax = 10
Tmin = 1e-10
tau = 1e4
Seed = 665600
(x,y) = (15.7129331816,1.51031686612) with f(x,y) = -1.99998737401